Transmitiendo mediciones por CPU
2.549
2.958
2.861
2.299
1.492
0.745
0.328
0.426
0.979
1.791
2.539
2.952
2.861
2.302
1.495
0.745
0.352
0.425
0.979
1.787
2.536
2.951
2.862
2.296
1.499
0.746
0.335
0.424
0.971
1.779
2.532
2.951
2.864
2.306
1.498
0.750
0.336
0.422
0.973
1.781
2.529
2.949
2.864
2.310
1.505
0.749
0.354
0.420
0.970
1.780
2.610
2.948
2.866
2.312
1.506
0.754
0.340
0.419
0.963
1.772
2.526
2.947
2.866
2.314
1.509
0.757
0.336
0.420
0.965
1.774
2.526
2.947
2.867
2.316
1.511
0.759
0.338
0.418
0.963
1.773
2.525
2.948
2.869
2.318
1.514
0.760
0.351
0.419
0.963
1.770
2.521
2.940
2.870
2.314
1.517
0.760
0.338
0.416
0.950
1.773
2.519
2.948
2.870
2.322
1.515
0.762
0.355
0.416
0.959
1.766
2.515
2.947
2.870
2.324
1.520
0.764
0.340
0.415
0.956
1.764
2.507
2.946
2.874
2.324
1.520
0.764
0.340
0.414
0.954
1.763
2.517
2.970
2.879
2.324
1.520
0.755
0.352
0.412
0.956
1.762
2.515
2.944
2.872
2.326
1.523
0.767
0.344
0.413
0.942
1.761
2.515
2.941
2.871
2.326
1.524
0.764
0.341
0.412
0.951
1.757
2.512
2.946
2.871
2.342
1.526
0.769
0.340
0.415
0.954
1.757
2.511
2.944
2.872
2.332
1.529
0.771
0.340
0.412
0.949
1.751
2.486
2.958
2.876
2.332
1.528
0.772
0.342
0.412
0.956
1.751
2.507
2.943
2.876
2.334
1.532
0.774
0.342
0.410
0.946
1.751
Transmision finalizada
