Transmitiendo mediciones por CPU
0.045
0.036
0.037
0.046
0.058
0.083
0.109
0.144
0.181
0.229
0.278
0.337
0.397
0.471
0.532
0.610
0.688
0.772
0.874
0.942
1.046
1.139
1.230
1.330
1.428
1.530
1.627
1.734
1.828
1.925
2.029
2.125
2.219
2.301
2.403
2.491
2.633
2.655
2.731
2.803
2.874
2.936
2.995
3.045
3.096
3.143
3.171
3.202
3.225
3.240
3.241
3.256
3.252
3.245
3.232
3.208
3.182
3.149
3.109
3.062
3.012
2.957
2.890
2.827
2.754
2.680
2.598
2.514
2.428
2.337
2.245
2.154
2.057
1.958
1.856
1.760
1.653
1.555
1.461
1.362
1.262
1.166
1.069
0.975
0.885
0.797
0.713
0.627
0.557
0.485
0.416
0.352
0.291
0.245
0.197
0.154
0.119
0.092
0.066
0.049
0.040
0.046
0.057
0.046
0.060
0.087
0.107
0.141
0.185
0.224
0.277
0.334
0.392
0.460
0.535
0.605
0.684
0.766
0.854
0.942
1.037
1.130
1.226
1.331
1.425
1.530
1.636
1.729
1.825
1.923
2.024
2.122
2.216
2.307
2.397
2.486
2.568
2.651
2.731
2.800
2.872
2.934
2.997
3.042
3.099
3.136
3.171
3.196
3.223
3.241
3.253
3.256
3.252
3.245
3.233
3.212
3.182
3.149
3.109
3.066
3.009
2.963
2.896
2.826
2.760
2.683
2.601
2.519
2.433
2.345
2.252
2.156
2.001
1.961
1.867
1.763
1.664
1.560
1.468
1.365
1.267
1.169
1.069
0.979
0.889
0.802
0.718
0.637
0.559
0.487
0.419
0.361
0.302
0.244
0.199
0.153
0.123
0.092
0.066
0.051
Transmision finalizada
