Transmitiendo mediciones por CPU
1.292
1.490
1.694
1.883
2.085
2.271
2.451
2.616
2.769
2.905
3.019
3.113
3.182
3.226
3.247
3.227
3.212
3.155
3.076
2.972
2.847
2.704
2.544
2.371
2.190
1.997
1.801
1.600
1.404
1.211
1.015
0.842
0.673
0.520
0.388
0.274
0.181
0.115
0.068
0.047
0.053
0.083
0.139
0.220
0.319
0.441
0.579
0.739
0.913
1.097
1.289
1.488
1.689
1.882
2.078
2.265
2.444
2.610
2.764
2.895
3.017
3.111
3.179
3.223
3.244
3.239
3.216
3.154
3.067
2.976
2.855
2.709
2.548
2.374
2.194
2.001
1.804
1.605
1.410
1.213
1.026
0.848
0.675
0.524
0.391
0.277
0.182
0.114
0.066
0.048
0.053
0.083
0.136
0.215
0.317
0.437
0.579
0.733
0.904
1.092
1.285
1.483
1.683
1.873
2.068
2.262
2.440
2.602
2.759
2.899
3.012
3.107
3.179
3.224
3.245
3.244
3.200
3.160
3.080
2.977
2.798
2.716
2.552
2.382
2.199
2.008
1.818
1.609
1.415
1.220
1.030
0.846
0.675
0.531
0.397
0.279
0.186
0.112
0.070
0.049
0.053
0.084
0.132
0.210
0.314
0.435
0.570
0.730
0.904
1.087
1.279
1.476
1.677
1.872
2.067
2.257
2.435
2.604
2.760
2.893
3.012
3.104
3.177
3.239
3.246
3.242
3.212
3.158
3.081
2.981
2.856
2.718
2.558
2.382
2.204
2.013
1.816
1.599
1.418
1.224
1.033
0.853
0.690
0.533
0.397
0.282
0.187
0.117
0.070
0.047
0.053
0.079
0.130
0.211
0.311
0.447
0.577
0.726
0.889
1.079
Transmision finalizada
