Transmitiendo mediciones por CPU
0.603
0.399
0.239
0.128
0.071
0.075
0.127
0.235
0.394
0.593
0.838
1.104
1.391
1.693
1.981
2.264
2.525
2.756
2.951
3.097
3.188
3.226
3.209
3.141
3.013
2.835
2.619
2.366
2.093
1.801
1.502
1.214
0.938
0.686
0.471
0.294
0.161
0.087
0.066
0.095
0.191
0.327
0.520
0.748
1.005
1.282
1.584
1.885
2.162
2.433
2.677
2.887
3.049
3.159
3.218
3.212
3.169
3.063
2.902
2.696
2.456
2.191
1.898
1.602
1.316
1.041
0.772
0.537
0.346
0.203
0.107
0.066
0.080
0.155
0.279
0.448
0.661
0.913
1.187
1.479
1.780
2.065
2.339
2.594
2.814
2.996
3.128
3.209
3.225
3.193
3.106
2.963
2.775
2.545
2.287
2.009
1.714
1.415
1.132
0.860
0.618
0.410
0.248
0.134
0.065
0.069
0.124
0.227
0.381
0.582
0.821
1.075
1.373
1.672
1.965
2.238
2.508
2.741
2.938
3.088
3.183
3.225
3.213
3.142
3.021
2.845
2.629
2.382
2.110
1.818
1.520
1.247
0.954
0.700
0.475
0.298
0.171
0.089
0.064
0.099
0.184
0.323
0.508
0.733
0.992
1.274
1.567
1.863
2.145
2.419
2.661
2.873
3.038
3.148
3.228
3.223
3.171
3.071
2.913
2.703
2.473
2.208
1.905
1.623
1.334
1.049
0.784
0.553
0.356
0.209
0.109
0.066
0.081
0.148
0.269
0.443
0.649
0.898
1.170
1.461
1.762
2.049
2.328
2.581
2.804
2.984
3.121
3.201
3.235
3.196
3.113
2.973
2.784
2.561
2.304
2.024
1.730
1.426
1.147
0.875
Transmision finalizada
