Transmitiendo mediciones por CPU
1.403
1.791
2.164
2.515
2.808
3.029
3.162
3.200
3.135
2.980
2.739
2.428
2.074
1.689
1.300
0.939
0.618
0.362
0.181
0.098
0.110
0.218
0.416
0.687
1.024
1.396
1.785
2.162
2.507
2.801
3.023
3.154
3.196
3.137
2.987
2.743
2.434
2.079
1.694
1.304
0.945
0.621
0.364
0.182
0.090
0.110
0.215
0.413
0.682
1.016
1.391
1.745
2.155
2.505
2.797
3.016
3.155
3.196
3.137
2.982
2.745
2.435
2.073
1.699
1.314
0.951
0.626
0.367
0.186
0.100
0.098
0.215
0.392
0.681
1.014
1.387
1.773
2.152
2.497
2.793
3.016
3.155
3.193
3.138
2.984
2.743
2.440
2.087
1.701
1.315
0.951
0.626
0.367
0.186
0.099
0.107
0.211
0.405
0.680
1.012
1.385
1.772
2.149
2.496
2.795
3.017
3.154
3.196
3.125
2.989
2.763
2.445
2.089
1.707
1.320
0.957
0.630
0.372
0.188
0.097
0.104
0.209
0.404
0.672
1.021
1.379
1.768
2.141
2.491
2.789
3.010
3.154
3.196
3.143
2.990
2.754
2.449
2.087
1.712
1.326
0.961
0.683
0.369
0.190
0.103
0.103
0.208
0.399
0.647
0.998
1.372
1.761
2.136
2.483
2.782
3.013
3.150
3.194
3.138
2.996
2.750
2.453
2.103
1.717
1.328
0.966
0.639
0.390
0.191
0.101
0.095
0.206
0.397
0.667
0.994
1.365
1.757
2.133
2.481
2.780
3.008
3.138
3.196
3.145
2.996
2.763
2.459
2.107
1.726
1.332
0.971
0.644
0.379
0.197
0.099
0.104
0.201
0.402
0.660
0.983
Transmision finalizada
