Transmitiendo mediciones por CPU
3.174
3.125
2.934
2.628
2.222
1.755
1.281
0.846
0.485
0.236
0.123
0.161
0.344
0.654
1.058
1.515
1.997
2.432
2.800
3.055
3.166
3.129
2.943
2.719
2.226
1.764
1.288
0.853
0.489
0.236
0.117
0.157
0.339
0.649
1.046
1.516
1.989
2.424
2.792
3.048
3.162
3.124
2.947
2.636
2.232
1.770
1.296
0.857
0.494
0.240
0.124
0.158
0.337
0.643
1.048
1.509
1.984
2.420
2.776
3.041
3.159
3.129
2.937
2.641
2.238
1.776
1.301
0.863
0.495
0.241
0.124
0.156
0.334
0.639
1.040
1.503
1.981
2.414
2.785
3.042
3.158
3.129
2.954
2.647
2.241
1.784
1.307
0.869
0.504
0.245
0.129
0.154
0.331
0.633
1.033
1.498
1.973
2.408
2.780
3.040
3.163
3.132
2.957
2.648
2.248
1.789
1.311
0.872
0.502
0.247
0.125
0.153
0.329
0.674
1.030
1.494
1.968
2.408
2.778
3.037
3.160
3.126
2.957
2.652
2.252
1.796
1.316
0.877
0.509
0.263
0.108
0.156
0.326
0.626
1.026
1.487
1.968
2.402
2.771
3.035
3.163
3.134
2.963
2.657
2.258
1.799
1.324
0.883
0.514
0.250
0.128
0.152
0.323
0.618
1.021
1.480
1.959
2.395
2.768
3.038
3.159
3.134
2.963
2.664
2.262
1.801
1.328
0.885
0.517
0.252
0.124
0.151
0.319
0.617
1.023
1.474
1.952
2.390
2.764
3.026
3.155
3.134
2.966
2.668
2.266
1.815
1.336
0.892
0.518
0.255
0.128
0.148
0.315
0.614
1.007
1.472
1.946
2.386
2.760
3.028
Transmision finalizada
