Transmitiendo mediciones por CPU
0.771
0.386
0.179
0.179
0.381
0.764
1.270
1.872
2.353
2.789
3.064
3.137
3.000
2.667
2.195
1.651
1.097
0.629
0.296
0.153
0.217
0.489
0.916
1.448
2.008
2.507
2.896
3.108
3.112
2.907
2.524
2.023
1.465
0.938
0.503
0.228
0.156
0.288
0.612
1.078
1.631
2.178
2.647
2.984
3.125
3.066
2.802
2.347
1.847
1.286
0.783
0.394
0.268
0.153
0.373
0.751
1.252
1.810
2.335
2.771
3.055
3.133
3.001
2.677
2.209
1.668
1.178
0.644
0.304
0.153
0.212
0.477
0.900
1.427
1.988
2.490
2.884
3.102
3.113
2.918
2.541
2.040
1.484
0.952
0.515
0.236
0.154
0.281
0.597
1.062
1.610
2.161
2.634
2.975
3.129
3.073
2.813
2.390
1.863
1.323
0.798
0.403
0.191
0.170
0.364
0.734
1.234
1.791
2.319
2.762
3.048
3.134
3.008
2.690
2.225
1.684
1.135
0.655
0.314
0.158
0.212
0.465
0.885
1.394
1.966
2.476
2.867
3.095
3.120
2.930
2.558
2.058
1.510
0.972
0.527
0.240
0.151
0.269
0.586
1.046
1.583
2.146
2.619
2.996
3.131
3.080
2.827
2.405
1.884
1.325
0.813
0.415
0.189
0.169
0.354
0.719
1.216
1.774
2.304
2.752
3.044
3.137
3.022
2.697
2.263
1.705
1.149
0.670
0.323
0.159
0.206
0.456
0.868
1.393
1.952
2.459
2.864
3.098
3.121
2.939
2.572
2.079
1.522
0.987
0.540
0.243
0.169
0.264
0.572
1.029
1.574
2.133
2.611
2.961
3.128
3.084
2.835
2.421
1.900
1.339
Transmision finalizada
