Transmitiendo mediciones por CPU
0.438
0.198
0.249
0.553
1.066
1.681
2.300
2.789
3.063
3.063
2.790
2.303
1.685
1.054
0.547
0.247
0.206
0.440
0.900
1.506
2.135
2.668
3.009
3.092
2.897
2.455
1.869
1.235
0.683
0.307
0.186
0.344
0.747
1.321
1.954
2.527
2.938
3.087
2.978
2.604
2.058
1.418
0.831
0.394
0.194
0.272
0.610
1.143
1.773
2.370
2.840
3.080
3.043
2.735
2.225
1.601
0.989
0.507
0.224
0.220
0.489
0.977
1.588
2.212
2.738
3.038
3.084
2.849
2.387
1.784
1.133
0.623
0.277
0.192
0.386
0.815
1.403
2.038
2.589
2.970
3.097
2.947
2.541
1.973
1.334
0.763
0.353
0.188
0.302
0.668
1.220
1.856
2.457
2.884
3.090
3.017
2.681
2.146
1.519
0.915
0.451
0.207
0.240
0.540
1.067
1.674
2.279
2.777
3.059
3.066
2.801
2.316
1.737
1.075
0.566
0.250
0.203
0.427
0.938
1.484
2.115
2.648
3.005
3.093
2.902
2.476
1.891
1.258
0.698
0.310
0.182
0.337
0.732
1.302
1.936
2.510
2.929
3.100
2.988
2.624
2.073
1.438
0.847
0.400
0.202
0.263
0.594
1.122
1.755
2.353
2.827
3.077
3.050
2.754
2.245
1.627
1.009
0.513
0.232
0.216
0.474
0.953
1.567
2.191
2.718
3.032
3.149
2.857
2.407
1.805
1.178
0.639
0.286
0.192
0.354
0.799
1.390
2.019
2.574
2.963
3.100
2.955
2.582
1.994
1.356
0.781
0.366
0.186
0.292
0.652
1.201
1.833
2.423
2.872
3.089
3.026
2.696
2.170
1.540
0.937
Transmision finalizada
