Transmitiendo mediciones por CPU
2.602
1.970
1.277
0.658
0.289
0.262
0.565
1.142
1.844
2.490
2.938
3.052
2.829
2.304
1.621
0.951
0.437
0.227
0.369
0.826
1.487
2.189
2.745
3.038
2.984
2.597
1.975
1.269
0.663
0.290
0.253
0.562
1.137
1.840
2.482
2.931
3.055
2.828
2.307
1.623
0.949
0.440
0.228
0.381
0.825
1.483
2.171
2.745
3.037
2.987
2.600
1.981
1.275
0.665
0.291
0.257
0.562
1.134
1.831
2.479
2.928
3.055
2.831
2.316
1.628
0.953
0.441
0.228
0.365
0.817
1.472
2.179
2.735
3.036
2.988
2.604
1.988
1.281
0.668
0.294
0.247
0.554
1.126
1.826
2.473
2.924
3.056
2.835
2.316
1.632
0.958
0.445
0.229
0.361
0.810
1.469
2.170
2.727
3.034
2.989
2.609
1.988
1.271
0.673
0.298
0.253
0.552
1.120
1.820
2.466
2.924
3.055
2.839
2.322
1.643
0.963
0.450
0.227
0.361
0.816
1.462
2.162
2.725
3.034
2.989
2.613
2.004
1.294
0.681
0.298
0.248
0.545
1.109
1.815
2.461
2.921
3.059
2.842
2.328
1.652
0.966
0.455
0.228
0.355
0.801
1.450
2.152
2.721
3.033
3.000
2.623
2.010
1.303
0.687
0.301
0.246
0.539
1.104
1.805
2.455
2.916
3.059
2.851
2.340
1.663
0.975
0.468
0.231
0.352
0.771
1.444
2.151
2.716
3.032
2.999
2.629
2.018
1.311
0.692
0.303
0.245
0.535
1.094
1.796
2.448
2.913
3.060
2.857
2.349
1.672
0.987
0.464
0.224
0.350
0.785
1.432
2.134
2.709
3.030
3.002
Transmision finalizada
