Transmitiendo mediciones por CPU
0.607
1.252
2.025
2.668
3.003
2.909
2.420
1.691
0.947
0.422
0.271
0.555
1.169
1.936
2.606
2.988
2.939
2.492
1.783
1.025
0.465
0.268
0.496
1.083
1.847
2.538
2.988
2.967
2.567
1.873
1.111
0.516
0.265
0.452
0.993
1.754
2.470
2.931
2.977
2.631
1.963
1.195
0.570
0.275
0.407
0.919
1.660
2.390
2.898
3.008
2.692
2.050
1.282
0.629
0.287
0.368
0.849
1.570
2.316
2.853
3.017
2.748
2.137
1.373
0.693
0.307
0.336
0.771
1.478
2.235
2.809
3.019
2.803
2.219
1.461
0.762
0.331
0.311
0.701
1.390
2.155
2.754
3.017
2.848
2.312
1.548
0.829
0.362
0.290
0.643
1.301
2.071
2.702
3.010
2.888
2.374
1.637
0.908
0.398
0.274
0.581
1.216
1.984
2.644
2.997
2.925
2.452
1.729
0.979
0.435
0.265
0.527
1.137
1.900
2.578
2.976
2.956
2.520
1.818
1.057
0.484
0.265
0.478
1.051
1.812
2.512
2.949
2.979
2.588
1.906
1.140
0.528
0.266
0.432
0.969
1.720
2.439
2.921
3.001
2.652
1.996
1.225
0.591
0.276
0.392
0.896
1.632
2.370
2.874
3.013
2.710
2.077
1.309
0.648
0.289
0.352
0.821
1.544
2.294
2.842
3.021
2.764
2.160
1.404
0.713
0.312
0.329
0.751
1.452
2.218
2.795
3.021
2.814
2.244
1.481
0.780
0.340
0.305
0.685
1.365
2.132
2.676
3.017
2.850
2.320
1.574
0.851
0.373
0.287
0.615
1.278
2.048
2.685
3.009
2.900
2.447
1.665
0.923
0.408
0.274
Transmision finalizada
