Transmitiendo mediciones por DMA
1.974
2.660
2.979
2.773
2.133
1.311
0.617
0.312
0.515
1.147
1.971
2.666
2.977
2.772
2.137
1.314
0.618
0.309
0.512
1.143
1.967
2.664
2.976
2.773
2.142
1.319
0.619
0.311
0.508
1.133
1.964
2.660
2.976
2.777
2.154
1.321
0.623
0.309
0.507
1.133
1.962
2.659
2.975
2.777
2.147
1.324
0.625
0.310
0.503
1.132
1.949
2.655
2.975
2.782
2.151
1.311
0.632
0.310
0.502
1.127
1.957
2.653
2.974
2.781
2.154
1.331
0.629
0.311
0.499
1.126
1.950
2.650
2.977
2.783
2.157
1.336
0.632
0.310
0.500
1.124
1.947
2.650
2.976
2.786
2.159
1.336
0.635
0.311
0.498
1.121
1.944
2.646
2.973
2.786
2.164
1.340
0.635
0.307
0.498
1.120
1.942
2.646
2.973
2.786
2.165
1.342
0.638
0.314
0.495
1.114
1.939
2.641
2.973
2.790
2.169
1.346
0.639
0.310
0.492
1.112
1.944
2.641
2.972
2.791
2.173
1.350
0.643
0.309
0.491
1.104
1.930
2.636
2.972
2.793
2.175
1.355
0.636
0.311
0.490
1.106
1.927
2.623
2.972
2.795
2.178
1.357
0.651
0.313
0.489
1.099
1.923
2.634
2.972
2.797
2.174
1.361
0.746
0.310
0.488
1.098
1.921
2.631
2.970
2.803
2.176
1.353
0.651
0.314
0.488
1.095
1.917
2.627
2.971
2.798
2.190
1.369
0.658
0.315
0.484
1.091
1.916
2.623
2.977
2.802
2.193
1.373
0.656
0.311
0.481
1.079
1.909
2.623
2.970
2.805
2.194
1.375
0.660
0.315
0.479
1.082
Transmision finalizada
