Transmitiendo mediciones por DMA
0.293
0.242
0.195
0.156
0.116
0.089
0.064
0.046
0.040
0.036
0.037
0.045
0.058
0.081
0.109
0.143
0.182
0.227
0.279
0.336
0.394
0.464
0.532
0.608
0.685
0.769
0.857
0.946
1.037
1.133
1.230
1.328
1.429
1.530
1.628
1.731
1.827
1.928
2.028
2.125
2.219
2.312
2.400
2.495
2.572
2.656
2.732
2.803
2.874
2.938
2.999
3.047
3.096
3.135
3.175
3.201
3.225
3.244
3.255
3.257
3.256
3.250
3.232
3.212
3.186
3.152
3.111
3.067
3.018
2.960
2.898
2.828
2.760
2.676
2.603
2.519
2.426
2.345
2.253
2.156
2.063
1.992
1.861
1.763
1.660
1.556
1.466
1.365
1.267
1.168
1.073
0.981
0.888
0.801
0.716
0.635
0.558
0.485
0.418
0.356
0.299
0.244
0.199
0.157
0.120
0.091
0.067
0.051
0.040
0.033
0.040
0.045
0.056
0.081
0.107
0.141
0.181
0.224
0.276
0.330
0.394
0.457
0.531
0.601
0.682
0.763
0.850
0.941
1.033
1.126
1.227
1.325
1.423
1.527
1.627
1.729
1.824
1.925
2.020
2.121
2.216
2.305
2.396
2.481
2.570
2.651
2.728
2.800
2.872
2.935
2.995
3.047
3.096
3.138
3.174
3.203
3.225
3.244
3.231
3.258
3.258
3.251
3.233
3.212
3.186
3.154
3.116
3.071
3.027
2.981
2.902
2.841
2.764
2.687
2.608
2.528
2.439
2.349
2.258
2.164
2.068
1.969
1.869
1.768
1.676
1.564
1.481
1.370
1.272
1.174
1.079
0.987
0.892
0.806
0.720
0.642
0.563
0.492
0.424
0.362
Transmision finalizada
