Transmitiendo mediciones por DMA
0.724
0.890
1.073
1.261
1.463
1.664
1.859
2.055
2.244
2.423
2.590
2.745
2.884
3.001
3.105
3.171
3.221
3.244
3.241
3.214
3.163
3.090
2.993
2.868
2.727
2.569
2.399
2.219
2.029
1.830
1.631
1.438
1.237
1.051
0.856
0.698
0.542
0.408
0.287
0.195
0.124
0.071
0.049
0.054
0.090
0.128
0.208
0.302
0.419
0.557
0.721
0.883
1.066
1.259
1.456
1.656
1.849
2.046
2.234
2.416
2.586
2.742
2.880
3.000
3.095
3.171
3.219
3.241
3.244
3.217
3.163
3.092
2.996
2.870
2.730
2.577
2.407
2.224
2.035
1.838
1.636
1.443
1.244
1.054
0.872
0.702
0.550
0.413
0.293
0.198
0.124
0.074
0.049
0.047
0.087
0.124
0.201
0.298
0.418
0.554
0.709
0.917
1.058
1.252
1.449
1.650
1.843
2.042
2.229
2.420
2.576
2.735
2.874
2.993
3.092
3.164
3.218
3.245
3.242
3.216
3.166
3.092
2.993
2.875
2.736
2.583
2.410
2.229
2.034
1.841
1.639
1.447
1.249
1.058
0.878
0.711
0.553
0.416
0.294
0.209
0.124
0.074
0.049
0.050
0.074
0.124
0.200
0.294
0.413
0.548
0.702
0.871
1.054
1.245
1.452
1.644
1.845
2.033
2.226
2.402
2.572
2.731
2.870
2.989
3.084
3.165
3.216
3.243
3.244
3.217
3.166
3.098
3.001
2.880
2.743
2.585
2.414
2.237
2.063
1.849
1.647
1.444
1.258
1.066
0.884
0.713
0.558
0.423
0.300
0.207
0.128
0.076
0.053
0.051
0.072
0.121
0.194
0.290
0.408
0.543
Transmision finalizada
