Transmitiendo mediciones por DMA
0.385
0.588
0.825
1.091
1.371
1.675
1.966
2.262
2.510
2.742
2.938
3.087
3.182
3.225
3.212
3.141
3.011
2.845
2.625
2.378
2.105
1.813
1.519
1.229
0.953
0.695
0.477
0.298
0.166
0.083
0.065
0.099
0.186
0.325
0.513
0.736
0.991
1.278
1.572
1.868
2.151
2.410
2.664
2.876
3.040
3.156
3.218
3.225
3.173
3.070
2.913
2.709
2.470
2.204
1.912
1.626
1.334
1.065
0.787
0.550
0.357
0.208
0.111
0.066
0.078
0.148
0.273
0.443
0.652
0.900
1.170
1.464
1.762
2.038
2.324
2.581
2.803
2.987
3.128
3.200
3.230
3.196
3.111
2.972
2.787
2.561
2.303
2.024
1.729
1.434
1.148
0.875
0.631
0.422
0.257
0.137
0.077
0.068
0.118
0.220
0.373
0.572
0.806
1.071
1.357
1.656
1.946
2.228
2.493
2.731
2.930
3.079
3.178
3.224
3.215
3.148
3.027
2.859
2.642
2.397
2.125
1.832
1.535
1.249
0.970
0.713
0.491
0.309
0.178
0.099
0.062
0.095
0.184
0.314
0.495
0.718
0.975
1.257
1.547
1.847
2.132
2.400
2.648
2.861
3.030
3.150
3.215
3.225
3.177
3.076
2.922
2.687
2.487
2.223
1.936
1.644
1.359
1.066
0.801
0.564
0.366
0.216
0.116
0.065
0.060
0.141
0.262
0.427
0.635
0.879
1.154
1.445
1.739
2.025
2.307
2.565
2.802
2.976
3.111
3.196
3.232
3.200
3.121
2.981
2.798
2.576
2.320
2.045
1.748
1.443
1.165
0.893
0.646
0.436
0.266
0.144
0.079
0.069
0.112
0.211
Transmision finalizada
