Transmitiendo mediciones por DMA
3.186
3.070
2.872
2.594
2.258
1.886
1.496
1.124
0.775
0.484
0.261
0.132
0.090
0.149
0.303
0.536
0.845
1.203
1.584
1.973
2.332
2.661
2.922
3.104
3.190
3.187
3.075
2.876
2.600
2.267
1.903
1.506
1.130
0.780
0.502
0.268
0.132
0.091
0.148
0.303
0.535
0.838
1.198
1.579
1.967
2.329
2.648
2.913
3.096
3.180
3.177
3.072
2.877
2.595
2.271
1.900
1.511
1.135
0.786
0.498
0.267
0.132
0.091
0.148
0.295
0.541
0.825
1.191
1.573
1.963
2.321
2.646
2.911
3.093
3.186
3.182
3.073
2.882
2.613
2.274
1.905
1.513
1.140
0.793
0.495
0.271
0.124
0.091
0.147
0.291
0.527
0.826
1.182
1.568
1.968
2.312
2.637
2.906
3.089
3.183
3.179
3.079
2.886
2.615
2.281
1.913
1.525
1.149
0.798
0.503
0.275
0.132
0.086
0.142
0.293
0.521
0.823
1.175
1.559
1.947
2.307
2.636
2.905
3.089
3.185
3.180
3.083
2.891
2.621
2.312
1.920
1.530
1.156
0.805
0.506
0.276
0.137
0.086
0.139
0.285
0.515
0.817
1.168
1.558
1.941
2.299
2.630
2.899
3.085
3.208
3.196
3.088
2.893
2.623
2.296
1.929
1.543
1.162
0.810
0.509
0.282
0.140
0.091
0.138
0.282
0.511
0.807
1.162
1.543
1.931
2.212
2.626
2.888
3.082
3.180
3.185
3.086
2.897
2.632
2.300
1.934
1.548
1.170
0.815
0.515
0.286
0.141
0.091
0.137
0.276
0.506
0.804
1.153
1.536
1.928
2.287
2.622
2.889
3.080
3.183
Transmision finalizada
