Transmitiendo mediciones por DMA
2.036
2.466
2.821
3.062
3.163
3.116
2.928
2.594
2.186
1.722
1.248
0.817
0.462
0.220
0.121
0.170
0.363
0.681
1.091
1.559
2.030
2.459
2.820
3.061
3.178
3.116
2.925
2.604
2.155
1.731
1.253
0.821
0.469
0.223
0.121
0.170
0.361
0.678
1.085
1.552
2.031
2.456
2.826
3.060
3.163
3.118
2.926
2.606
2.196
1.717
1.257
0.825
0.468
0.225
0.121
0.166
0.359
0.672
1.082
1.547
2.022
2.452
2.812
3.059
3.164
3.120
2.930
2.612
2.200
1.738
1.261
0.830
0.472
0.226
0.120
0.168
0.353
0.669
1.078
1.541
2.017
2.445
2.810
3.036
3.163
3.122
2.932
2.609
2.207
1.742
1.273
0.833
0.479
0.227
0.131
0.163
0.350
0.664
1.070
1.536
2.011
2.449
2.807
3.057
3.162
3.121
2.935
2.619
2.209
1.747
1.274
0.834
0.480
0.231
0.122
0.165
0.347
0.660
1.067
1.531
2.007
2.447
2.803
3.052
3.160
3.142
2.935
2.623
2.217
1.753
1.278
0.844
0.481
0.237
0.122
0.161
0.347
0.658
1.062
1.525
2.001
2.434
2.806
3.050
3.161
3.124
2.940
2.626
2.221
1.760
1.282
0.822
0.485
0.236
0.124
0.164
0.342
0.653
1.058
1.520
1.970
2.430
2.797
3.050
3.163
3.124
2.943
2.631
2.220
1.763
1.286
0.850
0.490
0.233
0.124
0.158
0.342
0.647
1.051
1.517
1.992
2.425
2.793
3.046
3.158
3.127
2.926
2.635
2.245
1.770
1.294
0.857
0.493
0.237
0.127
0.159
0.339
0.644
1.038
1.510
Transmision finalizada
