Transmitiendo mediciones por DMA
3.105
3.118
2.926
2.554
2.053
1.499
0.967
0.525
0.240
0.153
0.274
0.589
1.048
1.595
2.148
2.625
2.970
3.127
3.078
2.825
2.403
1.878
1.315
0.809
0.414
0.189
0.168
0.355
0.723
1.219
1.747
2.307
2.753
3.042
3.138
3.014
2.697
2.241
1.701
1.142
0.668
0.318
0.160
0.206
0.457
0.871
1.399
1.955
2.465
2.870
3.094
3.115
2.935
2.566
2.070
1.511
0.983
0.534
0.243
0.154
0.268
0.575
1.033
1.580
2.131
2.610
2.941
3.128
3.084
2.831
2.432
1.894
1.332
0.822
0.423
0.190
0.167
0.351
0.713
1.203
1.761
2.285
2.741
3.037
3.137
3.021
2.712
2.253
1.714
1.177
0.676
0.326
0.159
0.203
0.445
0.857
1.380
1.942
2.449
2.857
3.100
3.124
2.944
2.577
2.084
1.531
0.999
0.543
0.249
0.151
0.261
0.563
1.019
1.562
2.116
2.598
2.955
3.109
3.087
2.843
2.426
1.909
1.349
0.837
0.433
0.195
0.163
0.340
0.696
1.189
1.746
2.278
2.729
3.038
3.137
3.029
2.725
2.270
1.730
1.174
0.691
0.334
0.162
0.196
0.433
0.843
1.365
1.926
2.437
2.861
3.088
3.123
2.955
2.594
2.102
1.549
1.012
0.562
0.258
0.167
0.255
0.552
1.001
1.548
2.100
2.586
2.950
3.123
3.092
2.849
2.444
1.926
1.369
0.850
0.443
0.201
0.136
0.331
0.684
1.171
1.726
2.262
2.718
3.022
3.138
3.037
2.738
2.287
1.750
1.182
0.706
0.345
0.165
0.192
0.426
0.828
1.346
1.905
2.421
2.837
Transmision finalizada
