Transmitiendo mediciones por DMA
0.193
0.393
0.834
1.415
2.058
2.606
2.981
3.099
2.938
2.525
1.953
1.317
0.747
0.345
0.188
0.309
0.684
1.240
1.875
2.459
2.897
3.093
3.013
2.669
2.133
1.506
0.903
0.440
0.206
0.161
0.552
1.062
1.688
2.292
2.786
3.087
3.064
2.794
2.304
1.690
1.064
0.558
0.247
0.204
0.437
0.895
1.498
2.127
2.662
3.009
3.093
2.901
2.467
1.880
1.253
0.689
0.327
0.190
0.345
0.741
1.314
1.947
2.516
2.929
3.098
2.982
2.600
2.059
1.427
0.840
0.398
0.195
0.269
0.603
1.134
1.782
2.365
2.835
3.080
3.046
2.747
2.235
1.616
1.000
0.504
0.225
0.217
0.482
0.964
1.599
2.204
2.724
3.038
3.085
2.860
2.399
1.807
1.170
0.632
0.299
0.193
0.379
0.804
1.390
2.027
2.581
2.967
3.098
2.955
2.549
1.987
1.349
0.775
0.360
0.188
0.211
0.660
1.207
1.842
2.428
2.874
3.087
3.022
2.690
2.164
1.535
0.932
0.460
0.210
0.240
0.523
1.033
1.653
2.270
2.766
3.051
3.067
2.814
2.331
1.725
1.097
0.581
0.255
0.201
0.419
0.867
1.464
2.101
2.638
2.993
3.094
2.917
2.490
1.913
1.275
0.711
0.324
0.188
0.323
0.716
1.280
1.914
2.492
2.914
3.093
2.997
2.636
2.095
1.461
0.867
0.416
0.198
0.259
0.579
1.103
1.728
2.330
2.814
3.067
3.053
2.765
2.258
1.650
1.063
0.529
0.236
0.210
0.461
0.931
1.537
2.168
2.690
3.021
3.088
2.876
2.427
1.835
1.203
0.693
0.290
Transmision finalizada
