Transmitiendo mediciones por DMA
1.227
1.930
2.557
2.968
3.043
2.776
2.229
1.531
0.870
0.394
0.223
0.410
0.900
1.571
2.262
2.795
3.049
2.957
2.532
1.896
1.186
0.614
0.265
0.273
0.620
1.218
1.920
2.550
2.965
3.050
2.781
2.233
1.542
0.879
0.395
0.224
0.406
0.882
1.562
2.253
2.788
3.049
2.957
2.536
1.899
1.196
0.608
0.268
0.269
0.614
1.219
1.912
2.543
2.959
3.047
2.788
2.244
1.548
0.886
0.402
0.226
0.401
0.884
1.553
2.244
2.783
3.044
2.961
2.544
1.911
1.207
0.614
0.271
0.270
0.606
1.199
1.902
2.535
2.956
3.025
2.793
2.250
1.579
0.893
0.398
0.224
0.396
0.875
1.538
2.235
2.779
3.046
2.964
2.551
1.918
1.215
0.621
0.275
0.266
0.601
1.190
1.898
2.529
2.953
3.049
2.794
2.255
1.569
0.901
0.410
0.226
0.393
0.867
1.534
2.215
2.769
3.044
2.964
2.559
1.927
1.225
0.628
0.276
0.264
0.593
1.192
1.880
2.515
2.947
3.050
2.802
2.266
1.579
0.912
0.416
0.225
0.390
0.857
1.522
2.216
2.773
3.042
2.971
2.564
1.892
1.236
0.634
0.279
0.261
0.566
1.170
1.874
2.508
2.943
3.051
2.808
2.277
1.589
0.916
0.423
0.225
0.384
0.850
1.512
2.207
2.759
3.058
2.974
2.586
1.950
1.245
0.640
0.282
0.261
0.577
1.162
1.863
2.503
2.938
3.052
2.813
2.284
1.597
0.927
0.425
0.226
0.379
0.842
1.503
2.200
2.753
3.040
2.979
2.578
1.957
1.253
0.647
0.285
0.260
0.574
Transmision finalizada
