Transmitiendo mediciones por DMA
2.996
2.944
2.490
1.779
1.023
0.459
0.265
0.498
1.091
1.851
2.544
2.964
2.971
2.559
1.867
1.102
0.510
0.266
0.452
1.005
1.760
2.469
2.930
2.990
2.620
1.955
1.187
0.567
0.271
0.408
0.928
1.671
2.400
2.897
3.006
2.684
2.050
1.274
0.622
0.284
0.371
0.828
1.579
2.325
2.858
3.015
2.744
2.126
1.360
0.688
0.321
0.340
0.781
1.490
2.247
2.811
3.021
2.792
2.207
1.448
0.754
0.328
0.313
0.714
1.399
2.166
2.764
3.013
2.840
2.289
1.539
0.821
0.357
0.295
0.648
1.313
2.084
2.708
3.011
2.884
2.365
1.629
0.895
0.393
0.277
0.588
1.228
1.996
2.649
2.996
2.919
2.443
1.718
0.982
0.434
0.267
0.533
1.132
1.906
2.589
2.979
2.950
2.515
1.808
1.050
0.480
0.265
0.483
1.061
1.819
2.525
2.951
2.976
2.581
1.901
1.136
0.527
0.269
0.436
0.975
1.726
2.442
2.922
2.996
2.646
1.989
1.220
0.588
0.278
0.394
0.897
1.636
2.374
2.884
3.011
2.707
2.076
1.307
0.647
0.292
0.360
0.823
1.541
2.286
2.838
3.017
2.766
2.165
1.400
0.716
0.314
0.327
0.749
1.449
2.207
2.790
3.019
2.815
2.245
1.490
0.785
0.340
0.303
0.680
1.359
2.128
2.737
3.005
2.863
2.325
1.582
0.859
0.373
0.285
0.619
1.268
2.040
2.678
3.003
2.901
2.399
1.678
0.931
0.412
0.273
0.557
1.182
1.949
2.614
2.988
2.934
2.479
1.765
1.011
0.469
0.269
0.506
1.094
1.856
2.547
Transmision finalizada
